iopl(0)                                 = 0
ioctl(1, TCGETS, 0x7fffb134ed60)        = -1 ENOTTY (Inappropriate ioctl for device)
fstat(1, {st_dev=makedev(0, 10), st_ino=44804, st_mode=S_IFIFO|0600, st_nlink=1, st_uid=0, st_gid=0, st_blksize=4096, st_blocks=0, st_size=0, st_atime=2017-03-31T06:37:49+0000.127899077, st_mtime=2017-03-31T06:37:49+0000.127899077, st_ctime=2017-03-31T06:37:49+0000.127899077}) = 0
iopl(1)                                 = 0
iopl(2)                                 = 0
iopl(3)                                 = 0
iopl(0)                                 = 0
